data = [265.9371 321.1029 304.1788 290.24 239.6734 396.5122 418.1626 422.3075 406.4922 340.4153; 241.1271 302.5485 283.9948 274.29 194.9691 371.7753 417.3871 459.3784 436.8378 341.3544; 256.9689 307.043 276.8283 269.946 217.4912 361.7011 415.1425 491.8354 432.7396 385.617];

data = data.';

dataIOWA = data(1:5,:);
dataIOWAC = data(6:10,:);
