dataAcc = [0.8778 0.6732 0.9879 0.9821 0.9757 0.8965 0.834 0.9817 0.9786 0.9761; 0.7895 0.4903 0.9854 0.9848 0.9839 0.9239 0.7874 0.9938 0.9589 0.9926; 0.913 0.6646 0.9604 0.9945 0.9952 0.9248 0.8801 0.9895 0.9744 0.9678];

dataAcc = dataAcc.';

dataAccIOWA = dataAcc(1:5,:);
dataAccIOWAC = dataAcc(6:10,:);